project,file,php_version,image,status,message
phpmyadmin,changelog.php,5.6.40,php:5.6-cli,PASS,No syntax errors detected in /app/changelog.php
phpmyadmin,db_central_columns.php,5.6.40,php:5.6-cli,PASS,No syntax errors detected in /app/db_central_columns.php
phpmyadmin,db_datadict.php,5.6.40,php:5.6-cli,PASS,No syntax errors detected in /app/db_datadict.php
phpmyadmin,db_designer.php,5.6.40,php:5.6-cli,PASS,No syntax errors detected in /app/db_designer.php
phpmyadmin,db_export.php,5.6.40,php:5.6-cli,PASS,No syntax errors detected in /app/db_export.php
phpmyadmin,db_operations.php,5.6.40,php:5.6-cli,PASS,No syntax errors detected in /app/db_operations.php
phpmyadmin,db_qbe.php,5.6.40,php:5.6-cli,PASS,No syntax errors detected in /app/db_qbe.php
phpmyadmin,db_search.php,5.6.40,php:5.6-cli,PASS,No syntax errors detected in /app/db_search.php
phpmyadmin,db_tracking.php,5.6.40,php:5.6-cli,PASS,No syntax errors detected in /app/db_tracking.php
phpmyadmin,error_report.php,5.6.40,php:5.6-cli,PASS,No syntax errors detected in /app/error_report.php
phpmyadmin,examples/openid.php,5.6.40,php:5.6-cli,PASS,No syntax errors detected in /app/examples/openid.php
phpmyadmin,examples/signon.php,5.6.40,php:5.6-cli,PASS,No syntax errors detected in /app/examples/signon.php
phpmyadmin,export.php,5.6.40,php:5.6-cli,PASS,No syntax errors detected in /app/export.php
phpmyadmin,gis_data_editor.php,5.6.40,php:5.6-cli,PASS,No syntax errors detected in /app/gis_data_editor.php
phpmyadmin,import.php,5.6.40,php:5.6-cli,PASS,No syntax errors detected in /app/import.php
phpmyadmin,import_status.php,5.6.40,php:5.6-cli,PASS,No syntax errors detected in /app/import_status.php
phpmyadmin,index.php,5.6.40,php:5.6-cli,PASS,No syntax errors detected in /app/index.php
phpmyadmin,js/messages.php,5.6.40,php:5.6-cli,PASS,No syntax errors detected in /app/js/messages.php
phpmyadmin,libraries/classes/Advisor.php,5.6.40,php:5.6-cli,PASS,No syntax errors detected in /app/libraries/classes/Advisor.php
phpmyadmin,libraries/classes/Bookmark.php,5.6.40,php:5.6-cli,PASS,No syntax errors detected in /app/libraries/classes/Bookmark.php
phpmyadmin,libraries/classes/BrowseForeigners.php,5.6.40,php:5.6-cli,PASS,No syntax errors detected in /app/libraries/classes/BrowseForeigners.php
phpmyadmin,libraries/classes/CentralColumns.php,5.6.40,php:5.6-cli,PASS,No syntax errors detected in /app/libraries/classes/CentralColumns.php
phpmyadmin,libraries/classes/Charsets.php,5.6.40,php:5.6-cli,PASS,No syntax errors detected in /app/libraries/classes/Charsets.php
phpmyadmin,libraries/classes/CheckUserPrivileges.php,5.6.40,php:5.6-cli,PASS,No syntax errors detected in /app/libraries/classes/CheckUserPrivileges.php
phpmyadmin,libraries/classes/Config.php,5.6.40,php:5.6-cli,PASS,No syntax errors detected in /app/libraries/classes/Config.php
phpmyadmin,libraries/classes/Config/ConfigFile.php,5.6.40,php:5.6-cli,PASS,No syntax errors detected in /app/libraries/classes/Config/ConfigFile.php
phpmyadmin,libraries/classes/Config/Descriptions.php,5.6.40,php:5.6-cli,PASS,No syntax errors detected in /app/libraries/classes/Config/Descriptions.php
phpmyadmin,libraries/classes/Config/Form.php,5.6.40,php:5.6-cli,PASS,No syntax errors detected in /app/libraries/classes/Config/Form.php
phpmyadmin,libraries/classes/Config/FormDisplay.php,5.6.40,php:5.6-cli,PASS,No syntax errors detected in /app/libraries/classes/Config/FormDisplay.php
phpmyadmin,libraries/classes/Config/FormDisplayTemplate.php,5.6.40,php:5.6-cli,PASS,No syntax errors detected in /app/libraries/classes/Config/FormDisplayTemplate.php
phpmyadmin,libraries/classes/Config/Forms/BaseFormList.php,5.6.40,php:5.6-cli,PASS,No syntax errors detected in /app/libraries/classes/Config/Forms/BaseFormList.php
phpmyadmin,libraries/classes/Config/Forms/User/ExportForm.php,5.6.40,php:5.6-cli,PASS,No syntax errors detected in /app/libraries/classes/Config/Forms/User/ExportForm.php
phpmyadmin,libraries/classes/Config/PageSettings.php,5.6.40,php:5.6-cli,PASS,No syntax errors detected in /app/libraries/classes/Config/PageSettings.php
phpmyadmin,libraries/classes/Config/ServerConfigChecks.php,5.6.40,php:5.6-cli,PASS,No syntax errors detected in /app/libraries/classes/Config/ServerConfigChecks.php
phpmyadmin,libraries/classes/Config/Validator.php,5.6.40,php:5.6-cli,PASS,No syntax errors detected in /app/libraries/classes/Config/Validator.php
phpmyadmin,libraries/classes/Controllers/Database/DatabaseStructureController.php,5.6.40,php:5.6-cli,PASS,No syntax errors detected in /app/libraries/classes/Controllers/Database/DatabaseStructureController.php
phpmyadmin,libraries/classes/Controllers/Server/ServerBinlogController.php,5.6.40,php:5.6-cli,PASS,No syntax errors detected in /app/libraries/classes/Controllers/Server/ServerBinlogController.php
phpmyadmin,libraries/classes/Controllers/Server/ServerDatabasesController.php,5.6.40,php:5.6-cli,PASS,No syntax errors detected in /app/libraries/classes/Controllers/Server/ServerDatabasesController.php
phpmyadmin,libraries/classes/Controllers/Server/ServerPluginsController.php,5.6.40,php:5.6-cli,PASS,No syntax errors detected in /app/libraries/classes/Controllers/Server/ServerPluginsController.php
phpmyadmin,libraries/classes/Controllers/Server/ServerVariablesController.php,5.6.40,php:5.6-cli,PASS,No syntax errors detected in /app/libraries/classes/Controllers/Server/ServerVariablesController.php
phpmyadmin,libraries/classes/Controllers/Table/TableChartController.php,5.6.40,php:5.6-cli,PASS,No syntax errors detected in /app/libraries/classes/Controllers/Table/TableChartController.php
phpmyadmin,libraries/classes/Controllers/Table/TableGisVisualizationController.php,5.6.40,php:5.6-cli,PASS,No syntax errors detected in /app/libraries/classes/Controllers/Table/TableGisVisualizationController.php
phpmyadmin,libraries/classes/Controllers/Table/TableIndexesController.php,5.6.40,php:5.6-cli,PASS,No syntax errors detected in /app/libraries/classes/Controllers/Table/TableIndexesController.php
phpmyadmin,libraries/classes/Controllers/Table/TableRelationController.php,5.6.40,php:5.6-cli,PASS,No syntax errors detected in /app/libraries/classes/Controllers/Table/TableRelationController.php
phpmyadmin,libraries/classes/Controllers/Table/TableSearchController.php,5.6.40,php:5.6-cli,PASS,No syntax errors detected in /app/libraries/classes/Controllers/Table/TableSearchController.php
phpmyadmin,libraries/classes/Controllers/Table/TableStructureController.php,5.6.40,php:5.6-cli,PASS,No syntax errors detected in /app/libraries/classes/Controllers/Table/TableStructureController.php
phpmyadmin,libraries/classes/Core.php,5.6.40,php:5.6-cli,PASS,No syntax errors detected in /app/libraries/classes/Core.php
phpmyadmin,libraries/classes/CreateAddField.php,5.6.40,php:5.6-cli,PASS,No syntax errors detected in /app/libraries/classes/CreateAddField.php
phpmyadmin,libraries/classes/Database/Designer.php,5.6.40,php:5.6-cli,PASS,No syntax errors detected in /app/libraries/classes/Database/Designer.php
phpmyadmin,libraries/classes/Database/Designer/Common.php,5.6.40,php:5.6-cli,PASS,No syntax errors detected in /app/libraries/classes/Database/Designer/Common.php
phpmyadmin,libraries/classes/Database/Qbe.php,5.6.40,php:5.6-cli,PASS,No syntax errors detected in /app/libraries/classes/Database/Qbe.php
phpmyadmin,libraries/classes/Database/Search.php,5.6.40,php:5.6-cli,PASS,No syntax errors detected in /app/libraries/classes/Database/Search.php
phpmyadmin,libraries/classes/DatabaseInterface.php,5.6.40,php:5.6-cli,PASS,No syntax errors detected in /app/libraries/classes/DatabaseInterface.php
phpmyadmin,libraries/classes/Dbi/DbiDummy.php,5.6.40,php:5.6-cli,PASS,No syntax errors detected in /app/libraries/classes/Dbi/DbiDummy.php
phpmyadmin,libraries/classes/Dbi/DbiMysql.php,5.6.40,php:5.6-cli,PASS,No syntax errors detected in /app/libraries/classes/Dbi/DbiMysql.php
phpmyadmin,libraries/classes/Dbi/DbiMysqli.php,5.6.40,php:5.6-cli,PASS,No syntax errors detected in /app/libraries/classes/Dbi/DbiMysqli.php
phpmyadmin,libraries/classes/Display/ChangePassword.php,5.6.40,php:5.6-cli,PASS,No syntax errors detected in /app/libraries/classes/Display/ChangePassword.php
phpmyadmin,libraries/classes/Display/Export.php,5.6.40,php:5.6-cli,PASS,No syntax errors detected in /app/libraries/classes/Display/Export.php
phpmyadmin,libraries/classes/Display/Import.php,5.6.40,php:5.6-cli,PASS,No syntax errors detected in /app/libraries/classes/Display/Import.php
phpmyadmin,libraries/classes/Display/ImportAjax.php,5.6.40,php:5.6-cli,PASS,No syntax errors detected in /app/libraries/classes/Display/ImportAjax.php
phpmyadmin,libraries/classes/Display/Results.php,5.6.40,php:5.6-cli,PASS,No syntax errors detected in /app/libraries/classes/Display/Results.php
phpmyadmin,libraries/classes/Engines/Innodb.php,5.6.40,php:5.6-cli,PASS,No syntax errors detected in /app/libraries/classes/Engines/Innodb.php
phpmyadmin,libraries/classes/Engines/Pbxt.php,5.6.40,php:5.6-cli,PASS,No syntax errors detected in /app/libraries/classes/Engines/Pbxt.php
phpmyadmin,libraries/classes/Error.php,5.6.40,php:5.6-cli,PASS,No syntax errors detected in /app/libraries/classes/Error.php
phpmyadmin,libraries/classes/ErrorHandler.php,5.6.40,php:5.6-cli,PASS,No syntax errors detected in /app/libraries/classes/ErrorHandler.php
phpmyadmin,libraries/classes/ErrorReport.php,5.6.40,php:5.6-cli,PASS,No syntax errors detected in /app/libraries/classes/ErrorReport.php
phpmyadmin,libraries/classes/Export.php,5.6.40,php:5.6-cli,PASS,No syntax errors detected in /app/libraries/classes/Export.php
phpmyadmin,libraries/classes/File.php,5.6.40,php:5.6-cli,PASS,No syntax errors detected in /app/libraries/classes/File.php
phpmyadmin,libraries/classes/Font.php,5.6.40,php:5.6-cli,PASS,No syntax errors detected in /app/libraries/classes/Font.php
phpmyadmin,libraries/classes/Footer.php,5.6.40,php:5.6-cli,PASS,No syntax errors detected in /app/libraries/classes/Footer.php
phpmyadmin,libraries/classes/Gis/GisGeometryCollection.php,5.6.40,php:5.6-cli,PASS,No syntax errors detected in /app/libraries/classes/Gis/GisGeometryCollection.php
phpmyadmin,libraries/classes/Gis/GisMultiLineString.php,5.6.40,php:5.6-cli,PASS,No syntax errors detected in /app/libraries/classes/Gis/GisMultiLineString.php
phpmyadmin,libraries/classes/Gis/GisMultiPolygon.php,5.6.40,php:5.6-cli,PASS,No syntax errors detected in /app/libraries/classes/Gis/GisMultiPolygon.php
phpmyadmin,libraries/classes/Gis/GisPolygon.php,5.6.40,php:5.6-cli,PASS,No syntax errors detected in /app/libraries/classes/Gis/GisPolygon.php
phpmyadmin,libraries/classes/Gis/GisVisualization.php,5.6.40,php:5.6-cli,PASS,No syntax errors detected in /app/libraries/classes/Gis/GisVisualization.php
phpmyadmin,libraries/classes/Header.php,5.6.40,php:5.6-cli,PASS,No syntax errors detected in /app/libraries/classes/Header.php
phpmyadmin,libraries/classes/Import.php,5.6.40,php:5.6-cli,PASS,No syntax errors detected in /app/libraries/classes/Import.php
phpmyadmin,libraries/classes/Index.php,5.6.40,php:5.6-cli,PASS,No syntax errors detected in /app/libraries/classes/Index.php
phpmyadmin,libraries/classes/InsertEdit.php,5.6.40,php:5.6-cli,PASS,No syntax errors detected in /app/libraries/classes/InsertEdit.php
phpmyadmin,libraries/classes/IpAllowDeny.php,5.6.40,php:5.6-cli,PASS,No syntax errors detected in /app/libraries/classes/IpAllowDeny.php
phpmyadmin,libraries/classes/LanguageManager.php,5.6.40,php:5.6-cli,PASS,No syntax errors detected in /app/libraries/classes/LanguageManager.php
phpmyadmin,libraries/classes/Linter.php,5.6.40,php:5.6-cli,PASS,No syntax errors detected in /app/libraries/classes/Linter.php
phpmyadmin,libraries/classes/ListDatabase.php,5.6.40,php:5.6-cli,PASS,No syntax errors detected in /app/libraries/classes/ListDatabase.php
phpmyadmin,libraries/classes/Menu.php,5.6.40,php:5.6-cli,PASS,No syntax errors detected in /app/libraries/classes/Menu.php
phpmyadmin,libraries/classes/Message.php,5.6.40,php:5.6-cli,PASS,No syntax errors detected in /app/libraries/classes/Message.php
phpmyadmin,libraries/classes/MultSubmits.php,5.6.40,php:5.6-cli,PASS,No syntax errors detected in /app/libraries/classes/MultSubmits.php
phpmyadmin,libraries/classes/Navigation/Navigation.php,5.6.40,php:5.6-cli,PASS,No syntax errors detected in /app/libraries/classes/Navigation/Navigation.php
phpmyadmin,libraries/classes/Navigation/NavigationHeader.php,5.6.40,php:5.6-cli,PASS,No syntax errors detected in /app/libraries/classes/Navigation/NavigationHeader.php
phpmyadmin,libraries/classes/Navigation/NavigationTree.php,5.6.40,php:5.6-cli,PASS,No syntax errors detected in /app/libraries/classes/Navigation/NavigationTree.php
phpmyadmin,libraries/classes/Navigation/Nodes/Node.php,5.6.40,php:5.6-cli,PASS,No syntax errors detected in /app/libraries/classes/Navigation/Nodes/Node.php
phpmyadmin,libraries/classes/Navigation/Nodes/NodeDatabase.php,5.6.40,php:5.6-cli,PASS,No syntax errors detected in /app/libraries/classes/Navigation/Nodes/NodeDatabase.php
phpmyadmin,libraries/classes/Navigation/Nodes/NodeTable.php,5.6.40,php:5.6-cli,PASS,No syntax errors detected in /app/libraries/classes/Navigation/Nodes/NodeTable.php
phpmyadmin,libraries/classes/Normalization.php,5.6.40,php:5.6-cli,PASS,No syntax errors detected in /app/libraries/classes/Normalization.php
phpmyadmin,libraries/classes/OpenDocument.php,5.6.40,php:5.6-cli,PASS,No syntax errors detected in /app/libraries/classes/OpenDocument.php
phpmyadmin,libraries/classes/Operations.php,5.6.40,php:5.6-cli,PASS,No syntax errors detected in /app/libraries/classes/Operations.php
phpmyadmin,libraries/classes/ParseAnalyze.php,5.6.40,php:5.6-cli,PASS,No syntax errors detected in /app/libraries/classes/ParseAnalyze.php
phpmyadmin,libraries/classes/Partition.php,5.6.40,php:5.6-cli,PASS,No syntax errors detected in /app/libraries/classes/Partition.php
phpmyadmin,libraries/classes/Plugins.php,5.6.40,php:5.6-cli,PASS,No syntax errors detected in /app/libraries/classes/Plugins.php
phpmyadmin,libraries/classes/Plugins/Auth/AuthenticationConfig.php,5.6.40,php:5.6-cli,PASS,No syntax errors detected in /app/libraries/classes/Plugins/Auth/AuthenticationConfig.php
phpmyadmin,libraries/classes/Plugins/Auth/AuthenticationCookie.php,5.6.40,php:5.6-cli,PASS,No syntax errors detected in /app/libraries/classes/Plugins/Auth/AuthenticationCookie.php
phpmyadmin,libraries/classes/Plugins/Auth/AuthenticationHttp.php,5.6.40,php:5.6-cli,PASS,No syntax errors detected in /app/libraries/classes/Plugins/Auth/AuthenticationHttp.php
phpmyadmin,libraries/classes/Plugins/Auth/AuthenticationSignon.php,5.6.40,php:5.6-cli,PASS,No syntax errors detected in /app/libraries/classes/Plugins/Auth/AuthenticationSignon.php
phpmyadmin,libraries/classes/Plugins/AuthenticationPlugin.php,5.6.40,php:5.6-cli,PASS,No syntax errors detected in /app/libraries/classes/Plugins/AuthenticationPlugin.php
phpmyadmin,libraries/classes/Plugins/Export/ExportCodegen.php,5.6.40,php:5.6-cli,PASS,No syntax errors detected in /app/libraries/classes/Plugins/Export/ExportCodegen.php
phpmyadmin,libraries/classes/Plugins/Export/ExportCsv.php,5.6.40,php:5.6-cli,PASS,No syntax errors detected in /app/libraries/classes/Plugins/Export/ExportCsv.php
phpmyadmin,libraries/classes/Plugins/Export/ExportHtmlword.php,5.6.40,php:5.6-cli,PASS,No syntax errors detected in /app/libraries/classes/Plugins/Export/ExportHtmlword.php
phpmyadmin,libraries/classes/Plugins/Export/ExportJson.php,5.6.40,php:5.6-cli,PASS,No syntax errors detected in /app/libraries/classes/Plugins/Export/ExportJson.php
phpmyadmin,libraries/classes/Plugins/Export/ExportLatex.php,5.6.40,php:5.6-cli,PASS,No syntax errors detected in /app/libraries/classes/Plugins/Export/ExportLatex.php
phpmyadmin,libraries/classes/Plugins/Export/ExportMediawiki.php,5.6.40,php:5.6-cli,PASS,No syntax errors detected in /app/libraries/classes/Plugins/Export/ExportMediawiki.php
phpmyadmin,libraries/classes/Plugins/Export/ExportOds.php,5.6.40,php:5.6-cli,PASS,No syntax errors detected in /app/libraries/classes/Plugins/Export/ExportOds.php
phpmyadmin,libraries/classes/Plugins/Export/ExportOdt.php,5.6.40,php:5.6-cli,PASS,No syntax errors detected in /app/libraries/classes/Plugins/Export/ExportOdt.php
phpmyadmin,libraries/classes/Plugins/Export/ExportPdf.php,5.6.40,php:5.6-cli,PASS,No syntax errors detected in /app/libraries/classes/Plugins/Export/ExportPdf.php
phpmyadmin,libraries/classes/Plugins/Export/ExportPhparray.php,5.6.40,php:5.6-cli,PASS,No syntax errors detected in /app/libraries/classes/Plugins/Export/ExportPhparray.php
phpmyadmin,libraries/classes/Plugins/Export/ExportSql.php,5.6.40,php:5.6-cli,PASS,No syntax errors detected in /app/libraries/classes/Plugins/Export/ExportSql.php
phpmyadmin,libraries/classes/Plugins/Export/ExportTexytext.php,5.6.40,php:5.6-cli,PASS,No syntax errors detected in /app/libraries/classes/Plugins/Export/ExportTexytext.php
phpmyadmin,libraries/classes/Plugins/Export/ExportXml.php,5.6.40,php:5.6-cli,PASS,No syntax errors detected in /app/libraries/classes/Plugins/Export/ExportXml.php
phpmyadmin,libraries/classes/Plugins/Export/ExportYaml.php,5.6.40,php:5.6-cli,PASS,No syntax errors detected in /app/libraries/classes/Plugins/Export/ExportYaml.php
phpmyadmin,libraries/classes/Plugins/Export/Helpers/Pdf.php,5.6.40,php:5.6-cli,PASS,No syntax errors detected in /app/libraries/classes/Plugins/Export/Helpers/Pdf.php
phpmyadmin,libraries/classes/Plugins/ExportPlugin.php,5.6.40,php:5.6-cli,PASS,No syntax errors detected in /app/libraries/classes/Plugins/ExportPlugin.php
phpmyadmin,libraries/classes/Plugins/Import/ImportCsv.php,5.6.40,php:5.6-cli,PASS,No syntax errors detected in /app/libraries/classes/Plugins/Import/ImportCsv.php
phpmyadmin,libraries/classes/Plugins/Import/ImportLdi.php,5.6.40,php:5.6-cli,PASS,No syntax errors detected in /app/libraries/classes/Plugins/Import/ImportLdi.php
phpmyadmin,libraries/classes/Plugins/Import/ImportMediawiki.php,5.6.40,php:5.6-cli,PASS,No syntax errors detected in /app/libraries/classes/Plugins/Import/ImportMediawiki.php
phpmyadmin,libraries/classes/Plugins/Import/ImportOds.php,5.6.40,php:5.6-cli,PASS,No syntax errors detected in /app/libraries/classes/Plugins/Import/ImportOds.php
phpmyadmin,libraries/classes/Plugins/Import/ImportShp.php,5.6.40,php:5.6-cli,PASS,No syntax errors detected in /app/libraries/classes/Plugins/Import/ImportShp.php
phpmyadmin,libraries/classes/Plugins/Import/ImportSql.php,5.6.40,php:5.6-cli,PASS,No syntax errors detected in /app/libraries/classes/Plugins/Import/ImportSql.php
phpmyadmin,libraries/classes/Plugins/Import/ImportXml.php,5.6.40,php:5.6-cli,PASS,No syntax errors detected in /app/libraries/classes/Plugins/Import/ImportXml.php
phpmyadmin,libraries/classes/Plugins/Import/Upload/UploadApc.php,5.6.40,php:5.6-cli,PASS,No syntax errors detected in /app/libraries/classes/Plugins/Import/Upload/UploadApc.php
phpmyadmin,libraries/classes/Plugins/Import/Upload/UploadProgress.php,5.6.40,php:5.6-cli,PASS,No syntax errors detected in /app/libraries/classes/Plugins/Import/Upload/UploadProgress.php
phpmyadmin,libraries/classes/Plugins/Import/Upload/UploadSession.php,5.6.40,php:5.6-cli,PASS,No syntax errors detected in /app/libraries/classes/Plugins/Import/Upload/UploadSession.php
phpmyadmin,libraries/classes/Plugins/Schema/Dia/DiaRelationSchema.php,5.6.40,php:5.6-cli,PASS,No syntax errors detected in /app/libraries/classes/Plugins/Schema/Dia/DiaRelationSchema.php
phpmyadmin,libraries/classes/Plugins/Schema/Dia/RelationStatsDia.php,5.6.40,php:5.6-cli,PASS,No syntax errors detected in /app/libraries/classes/Plugins/Schema/Dia/RelationStatsDia.php
phpmyadmin,libraries/classes/Plugins/Schema/Dia/TableStatsDia.php,5.6.40,php:5.6-cli,PASS,No syntax errors detected in /app/libraries/classes/Plugins/Schema/Dia/TableStatsDia.php
phpmyadmin,libraries/classes/Plugins/Schema/Eps/EpsRelationSchema.php,5.6.40,php:5.6-cli,PASS,No syntax errors detected in /app/libraries/classes/Plugins/Schema/Eps/EpsRelationSchema.php
phpmyadmin,libraries/classes/Plugins/Schema/ExportRelationSchema.php,5.6.40,php:5.6-cli,PASS,No syntax errors detected in /app/libraries/classes/Plugins/Schema/ExportRelationSchema.php
phpmyadmin,libraries/classes/Plugins/Schema/Pdf/Pdf.php,5.6.40,php:5.6-cli,PASS,No syntax errors detected in /app/libraries/classes/Plugins/Schema/Pdf/Pdf.php
phpmyadmin,libraries/classes/Plugins/Schema/Pdf/PdfRelationSchema.php,5.6.40,php:5.6-cli,PASS,No syntax errors detected in /app/libraries/classes/Plugins/Schema/Pdf/PdfRelationSchema.php
phpmyadmin,libraries/classes/Plugins/Schema/Svg/SvgRelationSchema.php,5.6.40,php:5.6-cli,PASS,No syntax errors detected in /app/libraries/classes/Plugins/Schema/Svg/SvgRelationSchema.php
phpmyadmin,libraries/classes/Plugins/Schema/TableStats.php,5.6.40,php:5.6-cli,PASS,No syntax errors detected in /app/libraries/classes/Plugins/Schema/TableStats.php
phpmyadmin,libraries/classes/Plugins/Transformations/Abs/DateFormatTransformationsPlugin.php,5.6.40,php:5.6-cli,PASS,No syntax errors detected in /app/libraries/classes/Plugins/Transformations/Abs/DateFormatTransformationsPlugin.php
phpmyadmin,libraries/classes/Plugins/Transformations/Abs/ImageUploadTransformationsPlugin.php,5.6.40,php:5.6-cli,PASS,No syntax errors detected in /app/libraries/classes/Plugins/Transformations/Abs/ImageUploadTransformationsPlugin.php
phpmyadmin,libraries/classes/Plugins/Transformations/Input/Text_Plain_Iptobinary.php,5.6.40,php:5.6-cli,PASS,No syntax errors detected in /app/libraries/classes/Plugins/Transformations/Input/Text_Plain_Iptobinary.php
phpmyadmin,libraries/classes/Plugins/TwoFactor/Application.php,5.6.40,php:5.6-cli,PASS,No syntax errors detected in /app/libraries/classes/Plugins/TwoFactor/Application.php
phpmyadmin,libraries/classes/Plugins/TwoFactor/Key.php,5.6.40,php:5.6-cli,PASS,No syntax errors detected in /app/libraries/classes/Plugins/TwoFactor/Key.php
phpmyadmin,libraries/classes/RecentFavoriteTable.php,5.6.40,php:5.6-cli,PASS,No syntax errors detected in /app/libraries/classes/RecentFavoriteTable.php
phpmyadmin,libraries/classes/Relation.php,5.6.40,php:5.6-cli,PASS,No syntax errors detected in /app/libraries/classes/Relation.php
phpmyadmin,libraries/classes/RelationCleanup.php,5.6.40,php:5.6-cli,PASS,No syntax errors detected in /app/libraries/classes/RelationCleanup.php
phpmyadmin,libraries/classes/ReplicationGui.php,5.6.40,php:5.6-cli,PASS,No syntax errors detected in /app/libraries/classes/ReplicationGui.php
phpmyadmin,libraries/classes/Response.php,5.6.40,php:5.6-cli,PASS,No syntax errors detected in /app/libraries/classes/Response.php
phpmyadmin,libraries/classes/Rte/Events.php,5.6.40,php:5.6-cli,PASS,No syntax errors detected in /app/libraries/classes/Rte/Events.php
phpmyadmin,libraries/classes/Rte/Export.php,5.6.40,php:5.6-cli,PASS,No syntax errors detected in /app/libraries/classes/Rte/Export.php
phpmyadmin,libraries/classes/Rte/Footer.php,5.6.40,php:5.6-cli,PASS,No syntax errors detected in /app/libraries/classes/Rte/Footer.php
phpmyadmin,libraries/classes/Rte/Routines.php,5.6.40,php:5.6-cli,PASS,No syntax errors detected in /app/libraries/classes/Rte/Routines.php
phpmyadmin,libraries/classes/Rte/RteList.php,5.6.40,php:5.6-cli,PASS,No syntax errors detected in /app/libraries/classes/Rte/RteList.php
phpmyadmin,libraries/classes/Rte/Triggers.php,5.6.40,php:5.6-cli,PASS,No syntax errors detected in /app/libraries/classes/Rte/Triggers.php
phpmyadmin,libraries/classes/Sanitize.php,5.6.40,php:5.6-cli,PASS,No syntax errors detected in /app/libraries/classes/Sanitize.php
phpmyadmin,libraries/classes/SavedSearches.php,5.6.40,php:5.6-cli,PASS,No syntax errors detected in /app/libraries/classes/SavedSearches.php
phpmyadmin,libraries/classes/Scripts.php,5.6.40,php:5.6-cli,PASS,No syntax errors detected in /app/libraries/classes/Scripts.php
phpmyadmin,libraries/classes/Server/Privileges.php,5.6.40,php:5.6-cli,PASS,No syntax errors detected in /app/libraries/classes/Server/Privileges.php
phpmyadmin,libraries/classes/Server/Select.php,5.6.40,php:5.6-cli,PASS,No syntax errors detected in /app/libraries/classes/Server/Select.php
phpmyadmin,libraries/classes/Server/Status.php,5.6.40,php:5.6-cli,PASS,No syntax errors detected in /app/libraries/classes/Server/Status.php
phpmyadmin,libraries/classes/Server/Status/Data.php,5.6.40,php:5.6-cli,PASS,No syntax errors detected in /app/libraries/classes/Server/Status/Data.php
phpmyadmin,libraries/classes/Server/Status/Monitor.php,5.6.40,php:5.6-cli,PASS,No syntax errors detected in /app/libraries/classes/Server/Status/Monitor.php
phpmyadmin,libraries/classes/Server/Status/Processes.php,5.6.40,php:5.6-cli,PASS,No syntax errors detected in /app/libraries/classes/Server/Status/Processes.php
phpmyadmin,libraries/classes/Server/Status/Variables.php,5.6.40,php:5.6-cli,PASS,No syntax errors detected in /app/libraries/classes/Server/Status/Variables.php
phpmyadmin,libraries/classes/Server/UserGroups.php,5.6.40,php:5.6-cli,PASS,No syntax errors detected in /app/libraries/classes/Server/UserGroups.php
phpmyadmin,libraries/classes/Session.php,5.6.40,php:5.6-cli,PASS,No syntax errors detected in /app/libraries/classes/Session.php
phpmyadmin,libraries/classes/Sql.php,5.6.40,php:5.6-cli,PASS,No syntax errors detected in /app/libraries/classes/Sql.php
phpmyadmin,libraries/classes/SqlQueryForm.php,5.6.40,php:5.6-cli,PASS,No syntax errors detected in /app/libraries/classes/SqlQueryForm.php
phpmyadmin,libraries/classes/StorageEngine.php,5.6.40,php:5.6-cli,PASS,No syntax errors detected in /app/libraries/classes/StorageEngine.php
phpmyadmin,libraries/classes/SystemDatabase.php,5.6.40,php:5.6-cli,PASS,No syntax errors detected in /app/libraries/classes/SystemDatabase.php
phpmyadmin,libraries/classes/Table.php,5.6.40,php:5.6-cli,PASS,No syntax errors detected in /app/libraries/classes/Table.php
phpmyadmin,libraries/classes/Theme.php,5.6.40,php:5.6-cli,PASS,No syntax errors detected in /app/libraries/classes/Theme.php
phpmyadmin,libraries/classes/ThemeManager.php,5.6.40,php:5.6-cli,PASS,No syntax errors detected in /app/libraries/classes/ThemeManager.php
phpmyadmin,libraries/classes/Tracker.php,5.6.40,php:5.6-cli,PASS,No syntax errors detected in /app/libraries/classes/Tracker.php
phpmyadmin,libraries/classes/Tracking.php,5.6.40,php:5.6-cli,PASS,No syntax errors detected in /app/libraries/classes/Tracking.php
phpmyadmin,libraries/classes/Transformations.php,5.6.40,php:5.6-cli,PASS,No syntax errors detected in /app/libraries/classes/Transformations.php
phpmyadmin,libraries/classes/Twig/I18n/NodeTrans.php,5.6.40,php:5.6-cli,PASS,No syntax errors detected in /app/libraries/classes/Twig/I18n/NodeTrans.php
phpmyadmin,libraries/classes/Twig/UtilExtension.php,5.6.40,php:5.6-cli,PASS,No syntax errors detected in /app/libraries/classes/Twig/UtilExtension.php
phpmyadmin,libraries/classes/TwoFactor.php,5.6.40,php:5.6-cli,PASS,No syntax errors detected in /app/libraries/classes/TwoFactor.php
phpmyadmin,libraries/classes/Types.php,5.6.40,php:5.6-cli,PASS,No syntax errors detected in /app/libraries/classes/Types.php
phpmyadmin,libraries/classes/Url.php,5.6.40,php:5.6-cli,PASS,No syntax errors detected in /app/libraries/classes/Url.php
phpmyadmin,libraries/classes/UserPassword.php,5.6.40,php:5.6-cli,PASS,No syntax errors detected in /app/libraries/classes/UserPassword.php
phpmyadmin,libraries/classes/UserPreferences.php,5.6.40,php:5.6-cli,PASS,No syntax errors detected in /app/libraries/classes/UserPreferences.php
phpmyadmin,libraries/classes/Util.php,5.6.40,php:5.6-cli,PASS,No syntax errors detected in /app/libraries/classes/Util.php
phpmyadmin,libraries/classes/Utils/HttpRequest.php,5.6.40,php:5.6-cli,PASS,No syntax errors detected in /app/libraries/classes/Utils/HttpRequest.php
phpmyadmin,libraries/classes/VersionInformation.php,5.6.40,php:5.6-cli,PASS,No syntax errors detected in /app/libraries/classes/VersionInformation.php
phpmyadmin,libraries/classes/ZipExtension.php,5.6.40,php:5.6-cli,PASS,No syntax errors detected in /app/libraries/classes/ZipExtension.php
phpmyadmin,libraries/common.inc.php,5.6.40,php:5.6-cli,PASS,No syntax errors detected in /app/libraries/common.inc.php
phpmyadmin,libraries/config.default.php,5.6.40,php:5.6-cli,PASS,No syntax errors detected in /app/libraries/config.default.php
phpmyadmin,libraries/db_common.inc.php,5.6.40,php:5.6-cli,PASS,No syntax errors detected in /app/libraries/db_common.inc.php
phpmyadmin,libraries/db_table_exists.inc.php,5.6.40,php:5.6-cli,PASS,No syntax errors detected in /app/libraries/db_table_exists.inc.php
phpmyadmin,libraries/error.inc.php,5.6.40,php:5.6-cli,PASS,No syntax errors detected in /app/libraries/error.inc.php
phpmyadmin,libraries/mult_submits.inc.php,5.6.40,php:5.6-cli,PASS,No syntax errors detected in /app/libraries/mult_submits.inc.php
phpmyadmin,libraries/replication.inc.php,5.6.40,php:5.6-cli,PASS,No syntax errors detected in /app/libraries/replication.inc.php
phpmyadmin,libraries/rte/rte_main.inc.php,5.6.40,php:5.6-cli,PASS,No syntax errors detected in /app/libraries/rte/rte_main.inc.php
phpmyadmin,libraries/tbl_columns_definition_form.inc.php,5.6.40,php:5.6-cli,PASS,No syntax errors detected in /app/libraries/tbl_columns_definition_form.inc.php
phpmyadmin,libraries/tbl_partition_definition.inc.php,5.6.40,php:5.6-cli,PASS,No syntax errors detected in /app/libraries/tbl_partition_definition.inc.php
phpmyadmin,libraries/user_preferences.inc.php,5.6.40,php:5.6-cli,PASS,No syntax errors detected in /app/libraries/user_preferences.inc.php
phpmyadmin,navigation.php,5.6.40,php:5.6-cli,PASS,No syntax errors detected in /app/navigation.php
phpmyadmin,normalization.php,5.6.40,php:5.6-cli,PASS,No syntax errors detected in /app/normalization.php
phpmyadmin,prefs_forms.php,5.6.40,php:5.6-cli,PASS,No syntax errors detected in /app/prefs_forms.php
phpmyadmin,prefs_manage.php,5.6.40,php:5.6-cli,PASS,No syntax errors detected in /app/prefs_manage.php
phpmyadmin,server_privileges.php,5.6.40,php:5.6-cli,PASS,No syntax errors detected in /app/server_privileges.php
phpmyadmin,server_replication.php,5.6.40,php:5.6-cli,PASS,No syntax errors detected in /app/server_replication.php
phpmyadmin,server_status_monitor.php,5.6.40,php:5.6-cli,PASS,No syntax errors detected in /app/server_status_monitor.php
phpmyadmin,server_status_processes.php,5.6.40,php:5.6-cli,PASS,No syntax errors detected in /app/server_status_processes.php
phpmyadmin,server_status_variables.php,5.6.40,php:5.6-cli,PASS,No syntax errors detected in /app/server_status_variables.php
phpmyadmin,server_user_groups.php,5.6.40,php:5.6-cli,PASS,No syntax errors detected in /app/server_user_groups.php
phpmyadmin,setup/config.php,5.6.40,php:5.6-cli,PASS,No syntax errors detected in /app/setup/config.php
phpmyadmin,setup/frames/config.inc.php,5.6.40,php:5.6-cli,PASS,No syntax errors detected in /app/setup/frames/config.inc.php
phpmyadmin,setup/frames/index.inc.php,5.6.40,php:5.6-cli,PASS,No syntax errors detected in /app/setup/frames/index.inc.php
phpmyadmin,setup/frames/menu.inc.php,5.6.40,php:5.6-cli,PASS,No syntax errors detected in /app/setup/frames/menu.inc.php
phpmyadmin,setup/index.php,5.6.40,php:5.6-cli,PASS,No syntax errors detected in /app/setup/index.php
phpmyadmin,setup/lib/ConfigGenerator.php,5.6.40,php:5.6-cli,PASS,No syntax errors detected in /app/setup/lib/ConfigGenerator.php
phpmyadmin,setup/lib/FormProcessing.php,5.6.40,php:5.6-cli,PASS,No syntax errors detected in /app/setup/lib/FormProcessing.php
phpmyadmin,setup/lib/Index.php,5.6.40,php:5.6-cli,PASS,No syntax errors detected in /app/setup/lib/Index.php
phpmyadmin,sql.php,5.6.40,php:5.6-cli,PASS,No syntax errors detected in /app/sql.php
phpmyadmin,tbl_addfield.php,5.6.40,php:5.6-cli,PASS,No syntax errors detected in /app/tbl_addfield.php
phpmyadmin,tbl_change.php,5.6.40,php:5.6-cli,PASS,No syntax errors detected in /app/tbl_change.php
phpmyadmin,tbl_create.php,5.6.40,php:5.6-cli,PASS,No syntax errors detected in /app/tbl_create.php
phpmyadmin,tbl_export.php,5.6.40,php:5.6-cli,PASS,No syntax errors detected in /app/tbl_export.php
phpmyadmin,tbl_get_field.php,5.6.40,php:5.6-cli,PASS,No syntax errors detected in /app/tbl_get_field.php
phpmyadmin,tbl_operations.php,5.6.40,php:5.6-cli,PASS,No syntax errors detected in /app/tbl_operations.php
phpmyadmin,tbl_replace.php,5.6.40,php:5.6-cli,PASS,No syntax errors detected in /app/tbl_replace.php
phpmyadmin,tbl_row_action.php,5.6.40,php:5.6-cli,PASS,No syntax errors detected in /app/tbl_row_action.php
phpmyadmin,tbl_tracking.php,5.6.40,php:5.6-cli,PASS,No syntax errors detected in /app/tbl_tracking.php
phpmyadmin,test/bootstrap-dist.php,5.6.40,php:5.6-cli,PASS,No syntax errors detected in /app/test/bootstrap-dist.php
phpmyadmin,test/classes/AdvisorTest.php,5.6.40,php:5.6-cli,PASS,No syntax errors detected in /app/test/classes/AdvisorTest.php
phpmyadmin,test/classes/BrowseForeignersTest.php,5.6.40,php:5.6-cli,PASS,No syntax errors detected in /app/test/classes/BrowseForeignersTest.php
phpmyadmin,test/classes/CentralColumnsTest.php,5.6.40,php:5.6-cli,PASS,No syntax errors detected in /app/test/classes/CentralColumnsTest.php
phpmyadmin,test/classes/CharsetsTest.php,5.6.40,php:5.6-cli,PASS,No syntax errors detected in /app/test/classes/CharsetsTest.php
phpmyadmin,test/classes/CheckUserPrivilegesTest.php,5.6.40,php:5.6-cli,PASS,No syntax errors detected in /app/test/classes/CheckUserPrivilegesTest.php
phpmyadmin,test/classes/Config/ConfigFileTest.php,5.6.40,php:5.6-cli,PASS,No syntax errors detected in /app/test/classes/Config/ConfigFileTest.php
phpmyadmin,test/classes/Config/FormDisplayTemplateTest.php,5.6.40,php:5.6-cli,PASS,No syntax errors detected in /app/test/classes/Config/FormDisplayTemplateTest.php
phpmyadmin,test/classes/Config/FormDisplayTest.php,5.6.40,php:5.6-cli,PASS,No syntax errors detected in /app/test/classes/Config/FormDisplayTest.php
phpmyadmin,test/classes/Config/ServerConfigChecksTest.php,5.6.40,php:5.6-cli,PASS,No syntax errors detected in /app/test/classes/Config/ServerConfigChecksTest.php
phpmyadmin,test/classes/ConfigTest.php,5.6.40,php:5.6-cli,PASS,No syntax errors detected in /app/test/classes/ConfigTest.php
phpmyadmin,test/classes/Controllers/Database/DatabaseStructureControllerTest.php,5.6.40,php:5.6-cli,PASS,No syntax errors detected in /app/test/classes/Controllers/Database/DatabaseStructureControllerTest.php
phpmyadmin,test/classes/Controllers/Server/ServerBinlogControllerTest.php,5.6.40,php:5.6-cli,PASS,No syntax errors detected in /app/test/classes/Controllers/Server/ServerBinlogControllerTest.php
phpmyadmin,test/classes/Controllers/Server/ServerCollationsControllerTest.php,5.6.40,php:5.6-cli,PASS,No syntax errors detected in /app/test/classes/Controllers/Server/ServerCollationsControllerTest.php
phpmyadmin,test/classes/Controllers/Server/ServerDatabasesControllerTest.php,5.6.40,php:5.6-cli,PASS,No syntax errors detected in /app/test/classes/Controllers/Server/ServerDatabasesControllerTest.php
phpmyadmin,test/classes/Controllers/Server/ServerVariablesControllerTest.php,5.6.40,php:5.6-cli,PASS,No syntax errors detected in /app/test/classes/Controllers/Server/ServerVariablesControllerTest.php
phpmyadmin,test/classes/Controllers/Table/TableIndexesControllerTest.php,5.6.40,php:5.6-cli,PASS,No syntax errors detected in /app/test/classes/Controllers/Table/TableIndexesControllerTest.php
phpmyadmin,test/classes/Controllers/Table/TableRelationControllerTest.php,5.6.40,php:5.6-cli,PASS,No syntax errors detected in /app/test/classes/Controllers/Table/TableRelationControllerTest.php
phpmyadmin,test/classes/Controllers/Table/TableSearchControllerTest.php,5.6.40,php:5.6-cli,PASS,No syntax errors detected in /app/test/classes/Controllers/Table/TableSearchControllerTest.php
phpmyadmin,test/classes/Controllers/Table/TableStructureControllerTest.php,5.6.40,php:5.6-cli,PASS,No syntax errors detected in /app/test/classes/Controllers/Table/TableStructureControllerTest.php
phpmyadmin,test/classes/CoreTest.php,5.6.40,php:5.6-cli,PASS,No syntax errors detected in /app/test/classes/CoreTest.php
phpmyadmin,test/classes/Database/Designer/CommonTest.php,5.6.40,php:5.6-cli,PASS,No syntax errors detected in /app/test/classes/Database/Designer/CommonTest.php
phpmyadmin,test/classes/Database/DesignerTest.php,5.6.40,php:5.6-cli,PASS,No syntax errors detected in /app/test/classes/Database/DesignerTest.php
phpmyadmin,test/classes/Database/QbeTest.php,5.6.40,php:5.6-cli,PASS,No syntax errors detected in /app/test/classes/Database/QbeTest.php
phpmyadmin,test/classes/Database/SearchTest.php,5.6.40,php:5.6-cli,PASS,No syntax errors detected in /app/test/classes/Database/SearchTest.php
phpmyadmin,test/classes/DatabaseInterfaceTest.php,5.6.40,php:5.6-cli,PASS,No syntax errors detected in /app/test/classes/DatabaseInterfaceTest.php
phpmyadmin,test/classes/Dbi/DbiMysqlTest.php,5.6.40,php:5.6-cli,PASS,No syntax errors detected in /app/test/classes/Dbi/DbiMysqlTest.php
phpmyadmin,test/classes/Dbi/DbiMysqliTest.php,5.6.40,php:5.6-cli,PASS,No syntax errors detected in /app/test/classes/Dbi/DbiMysqliTest.php
phpmyadmin,test/classes/Display/ExportTest.php,5.6.40,php:5.6-cli,PASS,No syntax errors detected in /app/test/classes/Display/ExportTest.php
phpmyadmin,test/classes/Display/ResultsTest.php,5.6.40,php:5.6-cli,PASS,No syntax errors detected in /app/test/classes/Display/ResultsTest.php
phpmyadmin,test/classes/EncodingTest.php,5.6.40,php:5.6-cli,PASS,No syntax errors detected in /app/test/classes/EncodingTest.php
phpmyadmin,test/classes/Engines/InnodbTest.php,5.6.40,php:5.6-cli,PASS,No syntax errors detected in /app/test/classes/Engines/InnodbTest.php
phpmyadmin,test/classes/Engines/PbxtTest.php,5.6.40,php:5.6-cli,PASS,No syntax errors detected in /app/test/classes/Engines/PbxtTest.php
phpmyadmin,test/classes/ErrorHandlerTest.php,5.6.40,php:5.6-cli,PASS,No syntax errors detected in /app/test/classes/ErrorHandlerTest.php
phpmyadmin,test/classes/ErrorTest.php,5.6.40,php:5.6-cli,PASS,No syntax errors detected in /app/test/classes/ErrorTest.php
phpmyadmin,test/classes/FontTest.php,5.6.40,php:5.6-cli,PASS,No syntax errors detected in /app/test/classes/FontTest.php
phpmyadmin,test/classes/FooterTest.php,5.6.40,php:5.6-cli,PASS,No syntax errors detected in /app/test/classes/FooterTest.php
phpmyadmin,test/classes/ImportTest.php,5.6.40,php:5.6-cli,PASS,No syntax errors detected in /app/test/classes/ImportTest.php
phpmyadmin,test/classes/InsertEditTest.php,5.6.40,php:5.6-cli,PASS,No syntax errors detected in /app/test/classes/InsertEditTest.php
phpmyadmin,test/classes/LanguageTest.php,5.6.40,php:5.6-cli,PASS,No syntax errors detected in /app/test/classes/LanguageTest.php
phpmyadmin,test/classes/LinterTest.php,5.6.40,php:5.6-cli,PASS,No syntax errors detected in /app/test/classes/LinterTest.php
phpmyadmin,test/classes/MessageTest.php,5.6.40,php:5.6-cli,PASS,No syntax errors detected in /app/test/classes/MessageTest.php
phpmyadmin,test/classes/MultSubmitsTest.php,5.6.40,php:5.6-cli,PASS,No syntax errors detected in /app/test/classes/MultSubmitsTest.php
phpmyadmin,test/classes/Navigation/NavigationTest.php,5.6.40,php:5.6-cli,PASS,No syntax errors detected in /app/test/classes/Navigation/NavigationTest.php
phpmyadmin,test/classes/Navigation/Nodes/NodeDatabaseChildTest.php,5.6.40,php:5.6-cli,PASS,No syntax errors detected in /app/test/classes/Navigation/Nodes/NodeDatabaseChildTest.php
phpmyadmin,test/classes/NormalizationTest.php,5.6.40,php:5.6-cli,PASS,No syntax errors detected in /app/test/classes/NormalizationTest.php
phpmyadmin,test/classes/OperationsTest.php,5.6.40,php:5.6-cli,PASS,No syntax errors detected in /app/test/classes/OperationsTest.php
phpmyadmin,test/classes/Plugins/Auth/AuthenticationCookieTest.php,5.6.40,php:5.6-cli,PASS,No syntax errors detected in /app/test/classes/Plugins/Auth/AuthenticationCookieTest.php
phpmyadmin,test/classes/Plugins/Auth/AuthenticationHttpTest.php,5.6.40,php:5.6-cli,PASS,No syntax errors detected in /app/test/classes/Plugins/Auth/AuthenticationHttpTest.php
phpmyadmin,test/classes/Plugins/Auth/AuthenticationSignonTest.php,5.6.40,php:5.6-cli,PASS,No syntax errors detected in /app/test/classes/Plugins/Auth/AuthenticationSignonTest.php
phpmyadmin,test/classes/Plugins/Export/ExportCodegenTest.php,5.6.40,php:5.6-cli,PASS,No syntax errors detected in /app/test/classes/Plugins/Export/ExportCodegenTest.php
phpmyadmin,test/classes/Plugins/Export/ExportCsvTest.php,5.6.40,php:5.6-cli,PASS,No syntax errors detected in /app/test/classes/Plugins/Export/ExportCsvTest.php
phpmyadmin,test/classes/Plugins/Export/ExportExcelTest.php,5.6.40,php:5.6-cli,PASS,No syntax errors detected in /app/test/classes/Plugins/Export/ExportExcelTest.php
phpmyadmin,test/classes/Plugins/Export/ExportHtmlwordTest.php,5.6.40,php:5.6-cli,PASS,No syntax errors detected in /app/test/classes/Plugins/Export/ExportHtmlwordTest.php
phpmyadmin,test/classes/Plugins/Export/ExportLatexTest.php,5.6.40,php:5.6-cli,PASS,No syntax errors detected in /app/test/classes/Plugins/Export/ExportLatexTest.php
phpmyadmin,test/classes/Plugins/Export/ExportMediawikiTest.php,5.6.40,php:5.6-cli,PASS,No syntax errors detected in /app/test/classes/Plugins/Export/ExportMediawikiTest.php
phpmyadmin,test/classes/Plugins/Export/ExportOdsTest.php,5.6.40,php:5.6-cli,PASS,No syntax errors detected in /app/test/classes/Plugins/Export/ExportOdsTest.php
phpmyadmin,test/classes/Plugins/Export/ExportOdtTest.php,5.6.40,php:5.6-cli,PASS,No syntax errors detected in /app/test/classes/Plugins/Export/ExportOdtTest.php
phpmyadmin,test/classes/Plugins/Export/ExportPdfTest.php,5.6.40,php:5.6-cli,PASS,No syntax errors detected in /app/test/classes/Plugins/Export/ExportPdfTest.php
phpmyadmin,test/classes/Plugins/Export/ExportSqlTest.php,5.6.40,php:5.6-cli,PASS,No syntax errors detected in /app/test/classes/Plugins/Export/ExportSqlTest.php
phpmyadmin,test/classes/Plugins/Export/ExportTexytextTest.php,5.6.40,php:5.6-cli,PASS,No syntax errors detected in /app/test/classes/Plugins/Export/ExportTexytextTest.php
phpmyadmin,test/classes/Plugins/Export/ExportXmlTest.php,5.6.40,php:5.6-cli,PASS,No syntax errors detected in /app/test/classes/Plugins/Export/ExportXmlTest.php
phpmyadmin,test/classes/Plugins/Import/ImportCsvTest.php,5.6.40,php:5.6-cli,PASS,No syntax errors detected in /app/test/classes/Plugins/Import/ImportCsvTest.php
phpmyadmin,test/classes/Plugins/Import/ImportOdsTest.php,5.6.40,php:5.6-cli,PASS,No syntax errors detected in /app/test/classes/Plugins/Import/ImportOdsTest.php
phpmyadmin,test/classes/Plugins/Import/ImportShpTest.php,5.6.40,php:5.6-cli,PASS,No syntax errors detected in /app/test/classes/Plugins/Import/ImportShpTest.php
phpmyadmin,test/classes/Plugins/Schema/DiaRelationSchemaTest.php,5.6.40,php:5.6-cli,PASS,No syntax errors detected in /app/test/classes/Plugins/Schema/DiaRelationSchemaTest.php
phpmyadmin,test/classes/Plugins/Schema/EpsRelationSchemaTest.php,5.6.40,php:5.6-cli,PASS,No syntax errors detected in /app/test/classes/Plugins/Schema/EpsRelationSchemaTest.php
phpmyadmin,test/classes/Plugins/Schema/ExportRelationSchemaTest.php,5.6.40,php:5.6-cli,PASS,No syntax errors detected in /app/test/classes/Plugins/Schema/ExportRelationSchemaTest.php
phpmyadmin,test/classes/Plugins/Schema/PdfRelationSchemaTest.php,5.6.40,php:5.6-cli,PASS,No syntax errors detected in /app/test/classes/Plugins/Schema/PdfRelationSchemaTest.php
phpmyadmin,test/classes/Plugins/Schema/SvgRelationSchemaTest.php,5.6.40,php:5.6-cli,PASS,No syntax errors detected in /app/test/classes/Plugins/Schema/SvgRelationSchemaTest.php
phpmyadmin,test/classes/Plugins/Transformations/TransformationPluginsTest.php,5.6.40,php:5.6-cli,PASS,No syntax errors detected in /app/test/classes/Plugins/Transformations/TransformationPluginsTest.php
phpmyadmin,test/classes/RelationCleanupDbiMock.php,5.6.40,php:5.6-cli,PASS,No syntax errors detected in /app/test/classes/RelationCleanupDbiMock.php
phpmyadmin,test/classes/RelationCleanupTest.php,5.6.40,php:5.6-cli,PASS,No syntax errors detected in /app/test/classes/RelationCleanupTest.php
phpmyadmin,test/classes/RelationTest.php,5.6.40,php:5.6-cli,PASS,No syntax errors detected in /app/test/classes/RelationTest.php
phpmyadmin,test/classes/ReplicationGuiTest.php,5.6.40,php:5.6-cli,PASS,No syntax errors detected in /app/test/classes/ReplicationGuiTest.php
phpmyadmin,test/classes/Rte/EventsTest.php,5.6.40,php:5.6-cli,PASS,No syntax errors detected in /app/test/classes/Rte/EventsTest.php
phpmyadmin,test/classes/Rte/RoutinesTest.php,5.6.40,php:5.6-cli,PASS,No syntax errors detected in /app/test/classes/Rte/RoutinesTest.php
phpmyadmin,test/classes/Rte/TriggersTest.php,5.6.40,php:5.6-cli,PASS,No syntax errors detected in /app/test/classes/Rte/TriggersTest.php
phpmyadmin,test/classes/SanitizeTest.php,5.6.40,php:5.6-cli,PASS,No syntax errors detected in /app/test/classes/SanitizeTest.php
phpmyadmin,test/classes/ScriptsTest.php,5.6.40,php:5.6-cli,PASS,No syntax errors detected in /app/test/classes/ScriptsTest.php
phpmyadmin,test/classes/Server/PrivilegesTest.php,5.6.40,php:5.6-cli,PASS,No syntax errors detected in /app/test/classes/Server/PrivilegesTest.php
phpmyadmin,test/classes/Server/SelectTest.php,5.6.40,php:5.6-cli,PASS,No syntax errors detected in /app/test/classes/Server/SelectTest.php
phpmyadmin,test/classes/Server/Status/AdvisorTest.php,5.6.40,php:5.6-cli,PASS,No syntax errors detected in /app/test/classes/Server/Status/AdvisorTest.php
phpmyadmin,test/classes/Server/Status/MonitorTest.php,5.6.40,php:5.6-cli,PASS,No syntax errors detected in /app/test/classes/Server/Status/MonitorTest.php
phpmyadmin,test/classes/Server/Status/ProcessesTest.php,5.6.40,php:5.6-cli,PASS,No syntax errors detected in /app/test/classes/Server/Status/ProcessesTest.php
phpmyadmin,test/classes/Server/Status/QueriesTest.php,5.6.40,php:5.6-cli,PASS,No syntax errors detected in /app/test/classes/Server/Status/QueriesTest.php
phpmyadmin,test/classes/Server/Status/VariablesTest.php,5.6.40,php:5.6-cli,PASS,No syntax errors detected in /app/test/classes/Server/Status/VariablesTest.php
phpmyadmin,test/classes/Server/StatusTest.php,5.6.40,php:5.6-cli,PASS,No syntax errors detected in /app/test/classes/Server/StatusTest.php
phpmyadmin,test/classes/Server/UserGroupsTest.php,5.6.40,php:5.6-cli,PASS,No syntax errors detected in /app/test/classes/Server/UserGroupsTest.php
phpmyadmin,test/classes/Setup/ConfigGeneratorTest.php,5.6.40,php:5.6-cli,PASS,No syntax errors detected in /app/test/classes/Setup/ConfigGeneratorTest.php
phpmyadmin,test/classes/Setup/IndexTest.php,5.6.40,php:5.6-cli,PASS,No syntax errors detected in /app/test/classes/Setup/IndexTest.php
phpmyadmin,test/classes/SqlQueryFormTest.php,5.6.40,php:5.6-cli,PASS,No syntax errors detected in /app/test/classes/SqlQueryFormTest.php
phpmyadmin,test/classes/SqlTest.php,5.6.40,php:5.6-cli,PASS,No syntax errors detected in /app/test/classes/SqlTest.php
phpmyadmin,test/classes/SystemDatabaseTest.php,5.6.40,php:5.6-cli,PASS,No syntax errors detected in /app/test/classes/SystemDatabaseTest.php
phpmyadmin,test/classes/TableTest.php,5.6.40,php:5.6-cli,PASS,No syntax errors detected in /app/test/classes/TableTest.php
phpmyadmin,test/classes/TrackerTest.php,5.6.40,php:5.6-cli,PASS,No syntax errors detected in /app/test/classes/TrackerTest.php
phpmyadmin,test/classes/TrackingTest.php,5.6.40,php:5.6-cli,PASS,No syntax errors detected in /app/test/classes/TrackingTest.php
phpmyadmin,test/classes/TransformationsTest.php,5.6.40,php:5.6-cli,PASS,No syntax errors detected in /app/test/classes/TransformationsTest.php
phpmyadmin,test/classes/TwoFactorTest.php,5.6.40,php:5.6-cli,PASS,No syntax errors detected in /app/test/classes/TwoFactorTest.php
phpmyadmin,test/classes/TypesTest.php,5.6.40,php:5.6-cli,PASS,No syntax errors detected in /app/test/classes/TypesTest.php
phpmyadmin,test/classes/UserPreferencesTest.php,5.6.40,php:5.6-cli,PASS,No syntax errors detected in /app/test/classes/UserPreferencesTest.php
phpmyadmin,test/classes/UtilTest.php,5.6.40,php:5.6-cli,PASS,No syntax errors detected in /app/test/classes/UtilTest.php
phpmyadmin,test/libraries/common/PMA_checkbox_test.php,5.6.40,php:5.6-cli,PASS,No syntax errors detected in /app/test/libraries/common/PMA_checkbox_test.php
phpmyadmin,test/selenium/DbEventsTest.php,5.6.40,php:5.6-cli,PASS,No syntax errors detected in /app/test/selenium/DbEventsTest.php
phpmyadmin,test/selenium/DbProceduresTest.php,5.6.40,php:5.6-cli,PASS,No syntax errors detected in /app/test/selenium/DbProceduresTest.php
phpmyadmin,test/selenium/DbTriggersTest.php,5.6.40,php:5.6-cli,PASS,No syntax errors detected in /app/test/selenium/DbTriggersTest.php
phpmyadmin,test/selenium/ExportTest.php,5.6.40,php:5.6-cli,PASS,No syntax errors detected in /app/test/selenium/ExportTest.php
phpmyadmin,test/selenium/QueryByExampleTest.php,5.6.40,php:5.6-cli,PASS,No syntax errors detected in /app/test/selenium/QueryByExampleTest.php
phpmyadmin,test/selenium/TableOperationsTest.php,5.6.40,php:5.6-cli,PASS,No syntax errors detected in /app/test/selenium/TableOperationsTest.php
phpmyadmin,test/selenium/TestBase.php,5.6.40,php:5.6-cli,PASS,No syntax errors detected in /app/test/selenium/TestBase.php
phpmyadmin,test/selenium/TrackingTest.php,5.6.40,php:5.6-cli,PASS,No syntax errors detected in /app/test/selenium/TrackingTest.php
phpmyadmin,themes/svg_gradient.php,5.6.40,php:5.6-cli,PASS,No syntax errors detected in /app/themes/svg_gradient.php
phpmyadmin,transformation_overview.php,5.6.40,php:5.6-cli,PASS,No syntax errors detected in /app/transformation_overview.php
phpmyadmin,transformation_wrapper.php,5.6.40,php:5.6-cli,PASS,No syntax errors detected in /app/transformation_wrapper.php
phpmyadmin,url.php,5.6.40,php:5.6-cli,PASS,No syntax errors detected in /app/url.php
phpmyadmin,user_password.php,5.6.40,php:5.6-cli,PASS,No syntax errors detected in /app/user_password.php
phpmyadmin,view_create.php,5.6.40,php:5.6-cli,PASS,No syntax errors detected in /app/view_create.php
phpmyadmin,view_operations.php,5.6.40,php:5.6-cli,PASS,No syntax errors detected in /app/view_operations.php
